clc;
clear;

ln_th=[-8.10788E-06	-8.01701E-06	-1.50658E+00	-1.65328E-06
-3.26303E-11	-3.02695E-11	-2.29646E+00	-3.41867E-11
-7.32515E-09	-1.44150E-10	-1.27498E-01	-3.17062E-11
-1.50544E-05	-1.10339E-05	-7.53094E-01	-2.41545E-06
-1.86505E-06	2.61073E-08	-4.40182E-01	-7.19553E-08
-1.25858E-04	-1.78997E-04	-1.37135E-01	-8.15846E-04
-1.98682E-05	-1.17297E-05	-8.59014E-01	-3.03832E-05
-4.95736E-06	-1.80443E-05	-1.98713E+00	-5.30917E-08
-9.25696E-05	-8.13776E-04	-1.24916E+00	-2.04990E-06
-9.30528E-08	-2.91871E-07	-1.41776E-01	-6.03937E-07
-7.70876E-10	-3.35679E-08	-2.52076E-01	-7.34823E-07];

ln_th1=ln_th(:,1);
ln_th2=ln_th(:,2);
ln_th3=ln_th(:,3);
ln_th4=ln_th(:,4);

[y1]=[1.075E-06	1.075E-05	1.153E-03	1.153E-02
6.371E-12	3.185E-09	6.836E-09	3.418E-06
1.567E-09	8.621E-07	1.682E-06	9.250E-04
3.222E-06	1.933E-03	3.458E-03	2.075E+00
1.075E-06	1.290E-03	1.153E-03	1.384E+00
2.277E-05	4.554E-03	2.671E-02	5.342E+00
3.775E-06	9.437E-04	4.428E-03	1.107E+00
9.928E-07	2.978E-04	1.165E-03	3.494E-01
2.032E-05	6.096E-03	2.485E-02	7.455E+00
2.268E-08	9.072E-06	2.774E-05	1.109E-02
1.940E-10	8.728E-08	2.372E-07	1.067E-04];

[y2]=[4.025E-07	4.025E-06	4.319E-04	4.319E-03
2.710E-12	1.355E-09	2.908E-09	1.454E-06
1.298E-11	7.141E-09	1.393E-08	7.662E-06
1.207E-06	7.245E-04	1.296E-03	7.774E-01
4.025E-07	4.830E-04	4.319E-04	5.182E-01
1.358E-05	2.715E-03	1.592E-02	3.185E+00
9.337E-07	2.334E-04	1.095E-03	2.738E-01
1.545E-06	4.636E-04	1.813E-03	5.438E-01
8.661E-05	2.598E-02	1.059E-01	3.178E+01
3.439E-08	1.375E-05	4.206E-05	1.682E-02
4.073E-09	1.833E-06	4.981E-06	2.242E-03];


[y3]=[8.286E-02	8.286E-01	8.891E+01	8.891E+02
1.608E-01	8.042E+01	1.726E+02	8.629E+04
1.027E-02	5.650E+00	1.102E+01	6.063E+03
7.747E-02	4.648E+01	8.313E+01	4.988E+04
8.286E-02	9.943E+01	8.891E+01	1.067E+05
1.650E-02	3.301E+00	1.936E+01	3.872E+03
1.140E-01	2.851E+01	1.338E+02	3.344E+04
3.015E-01	9.046E+01	3.537E+02	1.061E+05
2.151E-01	6.453E+01	2.631E+02	7.892E+04
3.005E-02	1.202E+01	3.675E+01	1.470E+04
5.620E-02	2.529E+01	6.873E+01	3.093E+04];


[y4]=[8.511E-08	8.511E-07	9.133E-05	9.133E-04
3.173E-12	1.586E-09	3.404E-09	1.702E-06
2.952E-12	1.624E-09	3.168E-09	1.742E-06
2.553E-07	1.532E-04	2.740E-04	1.644E-01
8.511E-08	1.021E-04	9.133E-05	1.096E-01
5.757E-05	1.151E-02	6.754E-02	1.351E+01
2.306E-06	5.765E-04	2.705E-03	6.763E-01
4.272E-09	1.282E-06	5.011E-06	1.503E-03
1.993E-07	5.978E-05	2.437E-04	7.311E-02
7.055E-08	2.822E-05	8.628E-05	3.451E-02
9.358E-08	4.211E-05	1.144E-04	5.150E-02];

k1=[y1\ln_th1]
k2=[y2\ln_th2]
k3=[y3\ln_th3]
k4=[y4\ln_th4]

format longG
k1
k2
k3
k4